-76.24
-69.81
-66.83
-68.02
-64.85
-65.53
-67.64
-68.21
-70.38
-69.07
-71.17
-70.14
-64.35
-68.98
-72.35
-68.20
-70.34
-72.79
-66.05
-67.95
-72.71
-63.01
-68.46
-71.15
-66.71
-70.58
-71.02
-70.80
-75.84
-68.70
-69.41
-72.68
-67.99
-70.15
-69.50
-73.12
-72.65
-69.50
-66.88
-64.98
-68.63
-68.02
-66.19
-64.41
-68.79
-72.58
-72.88
-69.73
-69.65
-73.42
-75.29
-66.24
-63.49
-70.64
-72.28
-70.53
-65.99
-64.06
-64.81
-69.94
-69.05
-65.29
-66.60
-66.66
-69.46
-69.41
-70.79
-68.85
-68.13
-64.87
-67.99
-65.68
-73.41
-69.97
-73.77
-66.38
-70.99
-66.15
-68.95
-72.85
-76.50
-70.54
-71.01
-70.41
-69.29
-66.37
-69.36
-67.60
-67.06
-67.19
-68.04
-69.36
-67.85
-66.90
-70.54
-69.56
-70.41
-69.51
-67.36
-67.31
-68.43
-69.82
-71.20
-68.94
-70.04
-67.89
-67.60
-71.84
-72.79
-72.08
-67.64
-73.44
-72.42
-66.86
-66.31
-67.32
-68.06
-66.32
-71.58
-69.74
-68.96
-69.48
-69.39
-67.43
-70.00
-71.84
-62.50
-66.72
-74.43
-66.11
-70.00
-71.15
-68.65
-71.91
-66.95
-64.60
-66.66
-69.58
-68.64
-67.27
-77.37
-70.69
-69.50
-68.45
-64.56
-64.31
-69.30
-64.90
-65.70
-72.39
-72.05
-68.06
-70.41
-71.18
-65.24
-66.30
-63.65
-67.52
-67.74
-70.26
-67.52
-68.79
-70.45
-69.13
-65.05
-68.31
-70.80
-79.68
-72.39
-77.08
-67.20
-70.79
-71.16
-73.06
-73.10
-71.76
-67.26
-68.04
-69.73
-73.65
-73.40
-70.18
-72.41
-61.36
-67.53
-71.52
-67.98
-64.06
-68.90
-68.96
-69.32
-75.07
-70.18
-69.58
-68.57
-68.28
-68.79
-70.51
-70.72
-70.77
-68.27
-68.28
-66.86
-72.17
-66.34
-64.01
-69.53
-67.91
-74.31
-67.35
-65.03
-68.00
-73.07
-71.20
-66.25
-71.28
-69.12
-70.01
-64.59
-74.89
-73.55
-69.29
-66.96
-68.66
-71.98
-66.50
-63.98
-73.53
-70.48
-65.50
-69.96
-65.36
-63.65
-68.64
-68.82
-69.79
-68.12
-70.32
-71.79
-68.76
-65.25
-68.27
-71.80
-66.65
-66.47
-71.16
-65.55
-71.31
-66.86
-69.87
-64.33
-66.36
-70.25
-67.04
-72.66
-65.34
-68.93
-70.22
-68.40
-67.24
-66.01
-69.89
-72.61
-71.96
-62.45
-69.42
-67.53
-72.77
-74.60
-68.59
-67.74
-76.42
-64.64
-65.79
-69.32
-69.25
-72.43
-72.66
-73.63
-62.97
-67.20
-72.76
-69.72
-70.13
-73.20
-66.70
-73.44
-69.32
-68.52
-67.44
-71.26
-69.85
-71.09
-70.27
-69.45
-67.44
-66.68
-64.33
-71.89
-68.22
-69.06
-71.71
-68.68
-75.03
-68.75
-73.01
-67.99
-69.42
-72.52
-71.73
-64.81
-68.94
-68.86
-65.74
-68.80
-63.40
-68.97
-70.46
-74.65
-67.50
-74.10
-70.50
-67.30
-65.79
-68.12
-66.82
-72.28
-69.65
-70.50
-72.80
-64.52
-73.07
-73.69
-68.07
-69.86
-64.96
-69.58
-68.55
-72.02
-73.08
-67.10
-72.97
-64.80
-67.41
-69.18
-65.29
-73.00
-71.89
-73.62
-68.23
-66.60
-70.39
-70.36
-66.09
-71.13
-67.14
-67.82
-72.34
-67.99
-70.80
-69.68
-64.01
-66.86
-64.27
-69.60
-69.76
-67.33
-69.41
-68.34
-64.14
-71.43
-72.82
-71.20
-71.50
-69.57
-70.15
-75.45
-68.30
-71.74
-64.57
-63.21
-77.78
-71.35
-69.79
-72.24
-68.14
-63.61
-63.92
-67.58
-71.97
-69.35
-69.21
-66.30
-67.95
-65.31
-66.19
-65.35
-64.13
-73.56
-65.01
-71.91
-68.96
-74.91
-73.18
-68.14
-69.39
-72.08
-72.88
-74.13
-65.11
-65.77
-67.37
-67.13
-69.85
-72.85
-63.82
-68.87
-67.76
-71.25
-67.46
-69.29
-69.01
-64.09
-75.18
-72.93
-69.03
-64.01
-73.02
-69.83
-68.46
-68.94
-69.43
-69.80
-64.77
-70.55
-64.97
-68.52
-69.23
-69.30
-62.70
-72.13
-72.98
-72.52
-73.78
-65.80
-76.50
-67.28
-75.26
-69.87
-70.35
-66.90
-71.20
-69.14
-70.67
-73.45
-69.94
-74.24
-68.28
-68.02
-69.62
-68.69
-69.37
-74.18
-69.25
-67.27
-68.20
-66.12
-69.03
-66.70
-64.55
-68.16
-67.20
-65.27
-65.02
-72.29
-66.36
-74.63
-65.50
-63.69
-77.38
-68.26
-69.61
-70.04
-66.25
-74.99
-69.38
-68.67
-64.58
-64.50
-63.77
-70.50
-72.28
-76.20
-69.60
-67.95
-68.25
-70.12
-69.86
-67.41
-72.10
