-61.00
-59.16
-60.99
-61.89
-63.40
-58.98
-62.91
-58.64
-64.29
-65.76
-64.34
-59.17
-62.68
-57.72
-61.17
-58.23
-62.11
-63.20
-57.36
-60.38
-60.87
-58.01
-66.85
-66.38
-64.66
-61.83
-62.72
-62.95
-62.80
-62.62
-60.58
-65.52
-61.39
-65.71
-63.15
-61.11
-61.84
-60.60
-64.24
-65.56
-57.34
-65.48
-65.19
-61.96
-63.80
-60.11
-60.61
-60.04
-59.46
-58.17
-64.82
-63.82
-59.97
-60.28
-59.69
-64.35
-63.92
-65.57
-65.54
-59.45
-62.16
-56.82
-62.47
-63.28
-61.18
-62.97
-62.37
-62.77
-59.17
-63.56
-65.00
-63.81
-61.97
-56.61
-57.60
-61.63
-64.94
-62.21
-68.04
-60.67
-64.13
-57.98
-60.52
-62.85
-61.91
-56.61
-58.40
-62.58
-62.67
-60.59
-66.89
-64.40
-69.53
-67.59
-64.89
-60.33
-65.13
-59.62
-59.51
-63.23
-64.60
-61.80
-58.06
-60.60
-59.05
-60.17
-61.67
-59.67
-65.89
-57.75
-62.78
-62.66
-60.37
-61.57
-59.20
-65.24
-60.40
-66.16
-66.58
-61.14
-62.10
-60.85
-59.98
-56.57
-63.69
-63.58
-56.73
-67.33
-62.79
-61.01
-65.36
-60.17
-64.15
-61.60
-61.73
-58.19
-57.85
-60.74
-60.63
-61.27
-66.54
-60.66
-59.56
-62.04
-62.23
-59.76
-65.50
-59.12
-62.28
-64.24
-63.19
-63.22
-65.91
-58.82
-65.67
-59.45
-64.67
-60.54
-61.21
-63.41
-60.44
-64.00
-65.87
-61.84
-65.85
-61.83
-57.91
-68.32
-60.60
-66.25
-57.99
-65.94
-64.66
-60.11
-61.87
-61.83
-65.70
-63.54
-63.15
-62.26
-64.19
-62.38
-65.44
-64.45
-62.13
-60.16
-61.10
-58.43
-64.26
-60.69
-63.19
-67.70
-67.25
-62.76
-57.69
-55.96
-62.12
-63.14
-62.70
-63.83
-65.07
-63.27
-66.38
-67.89
-58.74
-66.77
-58.48
-63.03
-64.18
-64.80
-61.65
-59.71
-62.50
-68.37
-62.55
-66.13
-60.67
-63.51
-62.29
-63.95
-61.32
-65.46
-66.98
-61.47
-58.90
-59.41
-66.09
-64.23
-57.94
-61.26
-62.20
-61.72
-62.23
-60.50
-67.04
-62.72
-62.31
-62.04
-61.25
-63.84
-63.22
-68.27
-63.35
-58.62
-62.11
-67.55
-64.14
-64.13
-65.31
-65.57
-66.58
-64.67
-64.12
-62.64
-60.90
-56.09
-59.21
-60.12
-61.00
-65.63
-66.14
-60.62
-62.22
-58.10
-60.73
-60.56
-65.28
-63.21
-58.33
-64.52
-63.32
-61.31
-64.39
-63.58
-61.70
-61.77
-66.93
-63.04
-61.61
-65.23
-64.41
-67.54
-58.23
-63.75
-59.00
-62.13
-63.19
-61.93
-68.39
-60.36
-62.95
-61.04
-64.64
-65.62
-56.37
-59.24
-65.40
-66.37
-64.05
-60.56
-61.41
-66.27
-65.18
-64.78
-63.73
-65.31
-64.82
-59.24
-62.70
-62.66
-62.38
-58.79
-67.64
-58.69
-57.81
-63.63
-62.45
-64.37
-65.04
-67.56
-65.52
-61.82
-56.93
-58.36
-66.86
-66.85
-65.79
-58.96
-64.87
-62.08
-61.88
-60.00
-62.64
-62.69
-64.56
-63.44
-67.01
-64.73
-59.28
-64.54
-63.26
-61.23
-63.93
-60.92
-68.23
-54.24
-55.84
-63.54
-63.97
-62.06
-58.57
-60.06
-62.90
-64.65
-63.67
-64.67
-62.98
-68.86
-60.13
-64.56
-63.71
-60.00
-56.90
-62.41
-61.96
-64.29
-66.72
-65.93
-64.95
-61.53
-67.51
-58.63
-63.47
-64.58
-61.70
-64.22
-66.88
-61.57
-67.03
-60.56
-64.43
-62.69
-61.56
-67.98
-62.87
-63.33
-60.51
-71.96
-58.38
-63.31
-62.82
-60.81
-64.87
-61.34
-67.49
-62.24
-60.48
-69.25
-62.70
-57.79
-56.46
-60.31
-62.33
-60.47
-60.71
-58.30
-62.89
-57.41
-61.67
-66.67
-64.01
-61.50
-58.98
-58.10
-56.42
-65.90
-64.92
-65.95
-66.50
-64.37
-60.42
-58.39
-61.59
-60.46
-64.45
-61.09
-62.38
-60.42
-64.19
-57.39
-63.62
-63.46
-64.29
-61.70
-61.61
-61.03
-65.02
-61.35
-63.88
-58.03
-61.04
-62.69
-62.03
-65.12
-63.34
-64.57
-64.65
-65.47
-60.74
-60.60
-64.51
-58.52
-67.36
-61.61
-56.76
-60.08
-61.37
-61.37
-58.78
-64.05
-60.79
-60.41
-60.24
-62.29
-59.03
-61.52
-59.21
-60.38
-59.50
-62.37
-65.81
-56.72
-64.30
-64.83
-61.40
-63.48
-61.71
-62.36
-65.53
-63.18
-61.13
-64.74
-63.64
-58.66
-65.54
-58.30
-63.07
-58.42
-55.88
-63.31
-59.34
-64.60
-62.18
-59.65
-62.36
-61.41
-59.72
-60.61
-58.52
-61.87
