-67.03
-68.43
-71.90
-73.88
-73.41
-72.22
-67.52
-64.74
-67.33
-62.93
-72.03
-66.99
-70.77
-63.48
-66.00
-70.03
-61.82
-67.01
-71.95
-70.38
-66.46
-65.92
-72.53
-65.86
-75.56
-67.61
-70.22
-70.73
-68.20
-70.55
-68.11
-70.24
-69.14
-74.05
-69.18
-67.18
-63.04
-66.49
-64.87
-68.72
-64.76
-72.01
-71.32
-72.51
-66.64
-71.31
-68.35
-67.69
-71.44
-63.77
-68.72
-68.79
-65.42
-72.45
-70.95
-73.32
-64.06
-68.50
-69.50
-67.82
-75.28
-69.42
-68.19
-69.08
-68.59
-64.00
-71.26
-70.17
-69.48
-68.79
-69.97
-73.27
-71.04
-68.51
-70.44
-66.62
-68.03
-66.70
-70.89
-71.05
-70.15
-65.74
-64.71
-61.36
-66.51
-73.05
-71.27
-72.01
-65.79
-72.48
-64.55
-68.11
-71.14
-69.13
-69.94
-71.35
-72.74
-66.19
-67.89
-71.25
-71.38
-69.44
-65.61
-68.69
-70.19
-74.61
-70.98
-68.80
-67.76
-68.81
-65.28
-68.66
-71.79
-64.85
-72.15
-69.87
-66.71
-63.84
-70.25
-68.46
-67.96
-67.76
-71.00
-67.94
-70.95
-64.71
-69.04
-67.95
-70.91
-68.73
-68.84
-70.52
-70.95
-73.15
-68.28
-69.46
-74.88
-70.80
-68.39
-71.19
-62.92
-71.18
-69.64
-72.01
-63.66
-71.70
-68.60
-68.81
-68.76
-71.56
-62.50
-69.64
-65.31
-65.60
-67.34
-70.33
-71.91
-68.54
-69.08
-67.46
-71.89
-71.03
-70.30
-67.61
-68.63
-67.94
-71.49
-69.31
-67.27
-73.58
-69.12
-72.50
-76.24
-69.73
-69.37
-70.29
-71.34
-68.71
-60.85
-74.42
-73.85
-69.73
-73.51
-68.27
-65.59
-71.24
-68.89
-68.10
-67.75
-69.40
-68.63
-70.08
-70.64
-66.18
-69.31
-69.53
-71.23
-69.73
-69.48
-68.28
-67.62
-71.92
-73.30
-69.94
-67.86
-67.37
-66.56
-66.17
-67.63
-68.89
-69.49
-65.41
-67.11
-69.98
-64.57
-64.80
-67.13
-72.79
-68.06
-70.68
-65.78
-68.53
-72.11
-72.27
-70.28
-67.35
-65.21
-71.58
-69.25
-72.13
-67.30
-74.97
-72.16
-69.05
-72.42
-74.08
-74.27
-67.88
-66.63
-68.93
-67.89
-67.97
-73.09
-66.04
-67.99
-71.49
-66.59
-70.29
-64.34
-65.55
-77.55
-67.56
-71.56
-64.83
-69.23
-72.81
-71.64
-73.30
-70.86
-70.76
-69.17
-68.99
-68.88
-68.08
-64.46
-65.58
-67.74
-68.16
-71.53
-67.49
-68.97
-75.86
-72.09
-69.48
-68.17
-70.58
-70.59
-64.57
-72.72
-69.59
-70.76
-68.12
-72.11
-70.86
-67.52
-64.06
-70.91
-65.29
-67.78
-72.06
-74.77
-70.83
-67.77
-60.87
-70.81
-61.44
-71.12
-74.23
-67.48
-63.52
-67.59
-64.71
-70.18
-62.70
-73.19
-69.33
-75.21
-67.15
-70.26
-69.33
-70.65
-72.52
-68.48
-67.72
-72.92
-67.22
-66.75
-67.63
-71.82
-72.79
-70.27
-69.50
-72.44
-77.80
-69.62
-62.95
-76.65
-61.41
-69.27
-71.97
-73.69
-69.44
-70.37
-68.40
-64.35
-71.87
-68.79
-66.04
-74.12
-73.64
-66.79
-67.25
-63.95
-69.06
-69.64
-69.15
-64.54
-67.85
-67.94
-70.46
-70.25
-70.43
-69.73
-67.78
-69.96
-66.65
-70.24
-69.20
-71.57
-71.35
-74.20
-66.92
-70.60
-73.19
-67.48
-70.05
-67.52
-67.93
-66.41
-63.93
-68.36
-67.31
-74.57
-67.38
-65.44
-70.38
-63.21
-67.46
-66.22
-69.28
-62.07
-67.74
-73.98
-70.02
-69.07
-69.53
-66.01
-72.60
-68.29
-70.76
-65.81
-66.15
-71.89
-67.32
-72.49
-66.94
-68.54
-72.65
-70.37
-67.58
-66.79
-70.10
-71.27
-67.59
-72.48
-71.80
-73.13
-69.95
-70.16
-66.98
-71.80
-66.58
-65.94
-72.88
-65.37
-67.52
-69.76
-66.86
-62.31
-72.89
-70.62
-66.63
-72.14
-65.39
-69.02
-65.20
-65.93
-66.30
-67.90
-71.53
-68.99
-72.55
-70.25
-70.55
-72.76
-69.93
-66.92
-66.21
-70.22
-68.56
-65.47
-64.18
-64.32
-67.56
-65.56
-72.43
-67.64
-67.87
-67.85
-70.32
-66.60
-67.53
-72.28
-70.52
-70.12
-70.79
-70.79
-70.69
-60.20
-64.47
-68.02
-69.02
-72.29
-69.70
-65.20
-68.26
-72.35
-69.57
-69.97
-65.86
-71.59
-66.57
-68.81
-67.89
-64.34
-69.36
-68.28
-71.77
-71.12
-75.62
-66.81
-68.58
-70.62
-67.53
-73.41
-70.11
-69.09
-71.30
-70.62
-72.39
-68.28
-71.68
-70.86
-65.63
-63.95
-68.45
-69.09
-62.30
-66.68
-69.62
