-62.34
-62.06
-57.64
-61.33
-63.82
-62.40
-62.70
-59.26
-62.50
-58.64
-67.58
-59.57
-53.63
-68.05
-59.21
-65.93
-64.03
-56.19
-61.02
-62.36
-59.38
-54.38
-58.35
-68.05
-65.54
-59.64
-65.43
-69.99
-65.17
-65.39
-58.41
-59.63
-62.33
-63.21
-59.56
-62.42
-63.54
-61.92
-63.64
-61.67
-60.59
-62.56
-57.69
-61.68
-59.93
-58.79
-67.19
-58.21
-62.66
-64.41
-61.57
-64.44
-63.71
-58.70
-67.24
-61.53
-63.85
-61.36
-66.83
-66.23
-59.61
-65.35
-57.60
-63.01
-59.37
-60.84
-63.61
-65.25
-62.24
-58.31
-54.28
-62.82
-67.24
-61.78
-65.55
-63.36
-56.42
-60.15
-55.47
-68.09
-60.25
-61.31
-62.43
-62.03
-61.55
-59.47
-62.34
-63.08
-60.80
-60.36
-59.27
-63.81
-63.21
-61.93
-62.58
-58.52
-56.35
-62.84
-63.50
-63.24
-63.10
-60.58
-61.84
-60.12
-62.93
-60.19
-61.67
-62.22
-56.47
-60.23
-57.23
-60.88
-60.40
-66.53
-66.20
-61.92
-63.94
-57.87
-62.77
-64.93
-62.80
-60.83
-59.81
-65.93
-60.95
-56.94
-61.01
-61.16
-63.11
-59.56
-65.76
-63.46
-62.00
-62.17
-62.57
-61.52
-58.88
-65.28
-61.70
-63.81
-63.21
-61.23
-62.13
-64.19
-62.34
-61.19
-64.73
-61.15
-57.39
-63.23
-64.29
-62.28
-66.46
-59.60
-64.53
-64.47
-64.61
-63.97
-58.80
-61.98
-60.18
-66.91
-65.89
-62.81
-58.48
-59.41
-62.13
-60.84
-60.79
-61.07
-61.28
-63.25
-61.55
-59.47
-66.40
-63.58
-60.57
-64.67
-62.30
-61.84
-52.81
-58.80
-63.22
-62.44
-57.63
-64.06
-59.42
-60.17
-61.79
-56.70
-65.03
-56.97
-61.84
-60.17
-64.29
-60.12
-62.77
-63.38
-60.55
-57.48
-60.27
-62.83
-60.61
-60.09
-60.19
-64.56
-61.39
-65.20
-68.01
-58.73
-57.95
-59.85
-57.82
-56.61
-54.35
-58.12
-52.80
-57.11
-66.69
-60.49
-62.07
-56.38
-61.80
-66.31
-65.16
-57.70
-61.92
-61.11
-65.05
-61.35
-67.23
-62.56
-62.87
-70.67
-64.75
-61.85
-62.98
-58.33
-60.75
-58.81
-60.69
-66.37
-61.85
-62.43
-66.22
-65.21
-61.09
-63.51
-68.64
-65.19
-60.45
-66.20
-60.11
-67.13
-62.81
-57.34
-59.42
-64.22
-64.77
-58.06
-60.89
-63.26
-64.53
-63.49
-57.90
-65.42
-57.54
-61.94
-59.57
-65.13
-63.27
-61.25
-61.88
-65.06
-57.91
-66.02
-66.24
-63.11
-64.26
-64.53
-62.77
-62.50
-62.29
-59.93
-62.52
-62.46
-66.54
-59.34
-61.79
-66.84
-66.68
-63.31
-63.88
-63.64
-67.21
-56.48
-63.19
-63.48
-57.09
-64.74
-61.73
-64.16
-60.91
-61.45
-63.05
-59.28
-59.35
-59.77
-59.47
-63.62
-66.42
-59.48
-66.05
-60.15
-58.57
-61.14
-61.99
-59.09
-65.91
-64.22
-67.87
-68.32
-60.80
-63.40
-63.11
-61.68
-58.15
-66.21
-65.22
-59.05
-63.86
-59.48
-64.51
-60.09
-60.55
-65.95
-66.38
-61.91
-63.97
-57.37
-59.85
-60.19
-64.43
-61.00
-63.60
-64.11
-57.00
-63.29
-61.99
-63.01
-55.77
-62.66
-57.79
-62.97
-63.41
-60.41
-60.57
-64.07
-55.64
-61.71
-65.20
-57.98
-67.39
-62.52
-62.06
-61.80
-61.89
-60.86
-66.23
-60.71
-64.89
-62.23
-60.05
-61.38
-62.56
-63.75
-62.27
-60.32
-66.96
-63.49
-56.71
-60.33
-60.46
-58.73
-59.04
-57.62
-60.15
-65.52
-62.58
-65.20
-67.46
-61.19
-61.00
-61.41
-60.77
-67.88
-60.41
-62.81
-63.13
-59.56
-62.39
-60.55
-56.53
-65.56
-61.13
-60.86
-52.76
-63.10
-62.06
-66.26
-62.19
-58.12
-65.72
-67.60
-65.33
-60.45
-61.68
-63.07
-60.59
-62.10
-61.24
-66.09
-61.91
-68.57
-65.50
-65.27
-60.38
-62.14
-62.19
-64.37
-56.81
-64.40
-60.65
-62.28
-59.29
-61.57
-58.75
-62.69
-59.41
-61.24
-60.57
-60.96
-63.65
-58.12
-69.99
-59.35
-62.19
-54.89
-58.33
-59.17
-60.81
-60.28
-63.30
-62.49
-65.56
-55.62
-63.47
-57.22
-60.36
-64.16
-63.66
-67.31
-60.29
-63.38
-62.30
-62.39
-60.60
-58.84
-71.19
-64.01
-54.27
-63.16
-60.94
-62.76
-55.65
-60.55
-61.22
-65.00
-64.67
-64.06
-67.00
-60.83
-64.88
-61.26
-60.92
-62.61
-61.59
-63.46
-68.28
-58.75
-59.35
-62.35
-58.65
-56.66
-60.79
-67.03
-67.48
-59.64
-63.86
-61.19
