-59.00
-57.38
-64.13
-55.23
-52.28
-61.08
-55.49
-60.96
-60.50
-58.74
-59.75
-62.57
-60.07
-57.03
-55.42
-56.65
-64.56
-57.21
-58.97
-60.85
-55.15
-56.89
-58.19
-58.13
-64.43
-60.21
-60.55
-59.27
-58.48
-63.06
-57.00
-57.71
-59.83
-58.53
-56.92
-59.57
-60.08
-62.92
-59.67
-60.51
-58.02
-68.21
-58.31
-58.37
-58.89
-62.18
-58.86
-58.73
-56.21
-61.23
-61.71
-59.45
-62.16
-61.98
-56.77
-56.71
-56.05
-58.37
-57.78
-64.38
-56.43
-61.71
-60.47
-59.60
-61.94
-62.35
-59.69
-55.85
-61.64
-61.41
-56.44
-62.64
-62.18
-65.01
-59.39
-60.30
-57.47
-58.57
-59.03
-60.97
-65.80
-60.90
-57.95
-58.51
-60.04
-60.27
-59.39
-60.48
-59.29
-62.62
-68.10
-56.09
-63.07
-58.63
-58.40
-62.41
-58.56
-56.16
-58.41
-57.77
-63.28
-59.53
-63.99
-59.71
-56.48
-54.36
-61.03
-61.30
-59.81
-57.27
-53.20
-63.21
-58.26
-63.97
-60.51
-56.66
-61.15
-60.05
-60.73
-60.43
-60.89
-61.29
-58.80
-56.17
-57.78
-59.29
-53.22
-59.72
-53.68
-59.78
-63.10
-57.92
-64.51
-61.53
-55.07
-60.31
-65.68
-61.49
-59.12
-60.85
-59.22
-59.35
-61.24
-60.06
-57.56
-56.51
-54.20
-61.50
-61.21
-62.76
-57.70
-57.88
-57.30
-60.22
-56.87
-56.35
-58.49
-54.44
-59.46
-53.17
-58.62
-58.60
-57.02
-57.55
-55.21
-60.06
-55.19
-63.93
-62.15
-61.59
-63.50
-58.92
-55.96
-60.84
-56.07
-61.65
-56.31
-61.88
-62.25
-58.66
-62.10
-58.53
-59.54
-62.22
-65.98
-63.03
-58.40
-60.89
-57.29
-64.34
-66.88
-61.86
-54.50
-56.92
-60.20
-57.53
-60.18
-60.22
-54.71
-56.12
-55.81
-62.29
-53.47
-62.52
-58.76
-65.96
-61.08
-58.37
-64.90
-57.94
-57.96
-58.98
-57.24
-66.47
-62.11
-65.52
-56.27
-58.17
-58.68
-57.29
-59.60
-55.66
-62.44
-61.18
-64.88
-57.40
-59.42
-64.87
-54.68
-59.02
-61.80
-62.45
-60.40
-64.49
-63.33
-58.67
-64.31
-57.52
-61.73
-59.68
-61.59
-64.61
-56.93
-56.26
-62.39
-62.84
-62.42
-59.46
-61.35
-56.56
-53.81
-65.03
-61.49
-59.64
-61.45
-59.75
-60.24
-62.77
-58.65
-54.81
-62.94
-56.68
-61.90
-58.27
-61.50
-56.36
-60.05
-54.55
-57.90
-62.75
-55.50
-56.15
-59.62
-56.67
-65.37
-66.11
-63.95
-56.51
-60.69
-65.03
-58.45
-63.11
-59.59
-60.49
-60.75
-60.93
-61.10
-55.91
-61.98
-58.19
-55.02
-58.12
-61.71
-56.11
-55.87
-63.40
-61.28
-60.79
-58.70
-59.16
-51.91
-62.50
-62.72
-56.74
-59.05
-64.81
-60.17
-67.11
-56.43
-56.30
-60.77
-59.55
-59.61
-55.43
-61.54
-63.02
-58.38
-55.70
-53.09
-60.64
-58.76
-55.94
-60.76
-64.46
-57.12
-58.54
-61.23
-59.04
-58.93
-62.29
-61.44
-56.09
-59.52
-59.74
-54.41
-62.08
-56.23
-56.36
-57.94
-61.84
-60.91
-63.84
-62.26
-59.65
-62.45
-58.49
-59.16
-62.69
-59.17
-57.45
-59.26
-65.74
-56.15
-61.29
-60.45
-62.37
-63.63
-58.86
-53.93
-58.48
-61.61
-56.17
-64.70
-64.78
-57.51
-58.45
-61.89
-56.17
-54.33
-61.47
-56.88
-62.17
-58.18
-62.47
-62.09
-65.28
-59.34
-59.31
-59.95
-59.75
-59.52
-59.44
-66.77
-58.88
-57.02
-63.20
-60.20
-61.21
-59.18
-61.27
-58.16
-58.72
-57.24
-53.39
-59.18
-61.63
-56.58
-60.45
-56.58
-62.64
-58.50
-56.39
-60.02
-61.61
-61.12
-56.46
-62.51
-59.49
-56.80
-60.86
-57.58
-56.13
-62.15
-61.45
-59.87
-56.91
-60.52
-59.62
-62.67
-58.21
-62.47
-60.72
-59.09
-60.01
-59.05
-58.45
-63.44
-58.45
-56.25
-59.55
-61.80
-59.63
-60.07
-57.60
-60.08
-60.89
-56.78
-59.73
-58.80
-54.60
-61.04
-59.63
-58.18
-56.07
-55.41
-62.82
-62.36
-64.07
-59.50
-65.36
-66.92
-61.18
-54.30
-63.14
-65.20
-57.92
-62.83
-57.97
-62.97
-62.79
-54.19
-56.94
-56.80
-57.70
-61.72
-55.65
-62.01
-62.77
-66.00
-62.63
-58.90
-65.12
-56.09
-60.35
-56.29
-57.36
-61.85
-58.84
-58.74
-50.76
-60.57
-61.14
-62.65
-64.14
-57.70
-63.23
-57.23
-58.68
-67.17
-62.08
-59.17
-60.02
-61.54
-58.31
-60.36
-59.95
-62.19
-60.66
-64.44
-61.16
