-59.49
-64.95
-58.36
-56.19
-59.26
-64.78
-56.99
-56.72
-54.60
-56.91
-59.45
-59.14
-59.64
-63.18
-56.06
-57.09
-60.09
-59.07
-58.99
-56.59
-55.18
-58.95
-63.57
-60.01
-62.83
-61.03
-59.60
-59.96
-55.53
-54.18
-60.78
-64.19
-59.47
-54.38
-65.50
-62.92
-62.39
-62.69
-59.90
-58.23
-62.52
-58.57
-59.40
-55.91
-65.52
-59.18
-58.56
-60.81
-60.94
-58.64
-58.51
-61.20
-58.75
-61.07
-55.86
-56.79
-57.76
-59.13
-61.48
-62.81
-56.82
-62.56
-59.19
-57.83
-59.15
-58.33
-60.06
-55.23
-59.73
-61.22
-60.41
-61.95
-63.32
-59.76
-59.44
-55.78
-57.31
-59.38
-51.69
-56.70
-51.25
-59.85
-57.84
-57.57
-60.09
-57.23
-56.29
-59.95
-50.78
-58.61
-62.39
-64.47
-60.82
-54.67
-54.86
-54.21
-69.86
-56.08
-56.88
-60.40
-57.38
-56.42
-60.67
-58.25
-59.96
-59.63
-60.56
-55.54
-58.84
-63.15
-58.14
-65.60
-57.39
-56.55
-56.29
-59.01
-64.06
-58.52
-60.78
-61.18
-60.39
-57.56
-58.96
-61.66
-62.08
-57.52
-57.73
-61.51
-58.21
-62.31
-63.98
-60.74
-59.80
-56.62
-64.71
-62.37
-56.17
-65.30
-57.64
-55.14
-63.64
-58.58
-60.14
-59.84
-57.92
-55.45
-60.05
-59.73
-60.73
-55.50
-62.62
-60.41
-58.53
-62.98
-58.26
-56.60
-55.68
-61.76
-56.11
-53.51
-61.77
-61.21
-59.01
-60.65
-58.57
-60.21
-54.70
-64.89
-56.41
-58.07
-58.63
-57.65
-58.34
-58.89
-57.75
-61.04
-58.06
-60.22
-64.33
-59.77
-62.63
-62.71
-61.02
-57.25
-59.64
-61.21
-62.56
-58.23
-61.03
-56.65
-57.79
-54.59
-60.14
-59.37
-66.38
-59.38
-66.13
-60.79
-56.23
-57.26
-57.65
-62.29
-62.06
-61.88
-59.89
-60.67
-60.91
-61.92
-57.70
-63.65
-62.26
-63.25
-56.16
-59.65
-55.72
-58.05
-63.68
-60.57
-59.41
-61.33
-60.55
-59.93
-58.00
-65.76
-58.93
-57.91
-58.63
-59.18
-57.17
-59.18
-54.55
-55.21
-64.74
-61.54
-58.59
-63.52
-58.58
-65.79
-61.87
-61.47
-63.19
-63.23
-59.92
-55.05
-66.08
-58.93
-59.85
-63.16
-61.84
-63.47
-58.38
-58.46
-63.73
-58.30
-59.88
-61.67
-59.06
-63.08
-58.64
-62.56
-65.13
-64.79
-62.67
-60.95
-58.70
-57.22
-61.52
-62.05
-62.11
-55.02
-58.28
-60.32
-62.74
-59.78
-64.72
-58.81
-61.80
-64.50
-62.62
-58.69
-59.08
-61.19
-63.24
-58.68
-56.24
-57.20
-61.09
-59.01
-56.37
-61.22
-58.48
-56.05
-59.90
-54.09
-61.55
-62.78
-63.94
-63.08
-61.25
-62.90
-63.35
-62.96
-61.13
-62.11
-66.32
-62.74
-64.02
-54.31
-65.30
-64.13
-57.26
-58.95
-62.99
-60.86
-61.49
-53.08
-58.58
-61.54
-57.31
-60.37
-65.80
-57.77
-55.11
-59.61
-62.15
-55.92
-62.21
-61.33
-56.88
-60.60
-61.82
-63.30
-63.70
-58.81
-56.38
-64.63
-61.38
-58.28
-56.24
-63.87
-63.02
-57.97
-58.42
-62.48
-61.21
-59.03
-61.79
-57.09
-61.91
-62.68
-61.01
-63.89
-57.77
-61.32
-61.15
-53.39
-59.73
-55.63
-61.42
-62.83
-63.45
-61.86
-56.63
-59.14
-61.66
-57.31
-58.33
-59.06
-56.79
-58.15
-59.39
-59.49
-58.42
-56.56
-61.59
-55.48
-59.34
-59.46
-58.03
-55.11
-59.58
-62.55
-58.84
-61.09
-64.32
-64.29
-60.29
-61.67
-61.64
-58.38
-60.63
-61.67
-60.64
-63.13
-57.13
-62.70
-61.69
-55.62
-62.96
-60.20
-57.67
-64.40
-55.07
-57.62
-61.01
-60.69
-62.24
-58.92
-63.10
-54.34
-59.45
-57.83
-58.83
-54.80
-56.65
-56.57
-58.13
-56.00
-56.72
-57.18
-58.70
-53.96
-62.17
-63.47
-57.79
-57.35
-61.59
-54.14
-63.17
-59.09
-60.48
-63.52
-61.95
-57.75
-62.42
-63.33
-54.31
-60.72
-62.14
-59.89
-62.95
-64.02
-63.36
-61.68
-56.09
-57.97
-57.12
-61.74
-53.73
-62.64
-57.09
-57.63
-59.68
-63.49
-60.80
-60.30
-58.04
-66.91
-57.57
-63.91
-61.10
-58.55
-57.15
-57.39
-56.72
-60.53
-63.74
-58.42
-55.09
-55.47
-63.06
-55.96
-61.31
-62.48
-58.26
-59.42
-61.57
-59.51
-61.08
-60.56
-55.01
-58.91
-57.50
-59.49
-64.18
-52.03
-61.92
-56.73
-58.78
-59.77
-60.70
-59.77
-54.94
-58.70
-61.74
-62.52
-59.55
-56.42
-60.83
-61.85
