-64.13
-61.41
-62.00
-60.92
-60.44
-56.72
-57.10
-59.64
-58.47
-62.38
-62.59
-62.76
-55.43
-61.40
-61.16
-60.06
-60.95
-59.02
-63.53
-61.23
-60.47
-61.17
-62.78
-63.12
-61.84
-61.28
-66.21
-58.01
-63.60
-57.53
-62.03
-65.17
-62.02
-61.08
-59.40
-59.12
-58.72
-61.94
-61.42
-59.08
-60.10
-68.20
-56.85
-66.16
-61.81
-57.66
-64.66
-61.41
-61.09
-58.06
-64.74
-64.93
-64.99
-62.73
-56.96
-59.13
-64.16
-65.26
-63.46
-64.94
-59.92
-64.28
-56.08
-61.09
-65.40
-57.31
-60.30
-61.01
-64.12
-58.31
-55.80
-62.75
-60.19
-62.14
-55.76
-55.23
-62.93
-62.50
-55.58
-61.15
-62.05
-56.96
-60.38
-57.49
-59.53
-61.49
-62.33
-62.03
-57.92
-62.54
-63.17
-62.83
-63.27
-57.89
-61.87
-58.87
-61.31
-57.63
-61.13
-60.44
-60.24
-59.43
-63.69
-68.14
-67.23
-61.07
-62.02
-60.77
-60.04
-58.39
-61.14
-63.05
-57.58
-59.21
-59.94
-55.80
-57.23
-63.60
-56.00
-60.45
-58.37
-59.06
-61.25
-60.49
-59.89
-64.37
-52.82
-59.23
-57.87
-61.08
-61.00
-61.48
-62.11
-55.96
-60.67
-64.55
-66.11
-62.45
-61.28
-61.47
-64.77
-58.17
-61.31
-58.89
-65.48
-64.31
-62.13
-58.79
-65.00
-61.42
-60.72
-58.63
-55.70
-64.45
-59.54
-63.82
-64.17
-58.89
-66.29
-63.87
-60.43
-61.29
-59.96
-64.35
-62.52
-67.86
-60.68
-56.15
-60.31
-64.36
-58.45
-58.66
-62.62
-59.11
-61.72
-63.93
-60.27
-62.76
-61.71
-68.63
-62.12
-59.47
-60.71
-61.13
-63.86
-55.98
-60.47
-59.56
-57.49
-59.39
-64.45
-60.59
-60.99
-60.40
-61.41
-61.04
-57.71
-62.00
-57.67
-60.50
-62.03
-61.23
-59.51
-64.87
-59.74
-65.03
-63.26
-57.02
-60.29
-64.95
-59.91
-63.47
-52.76
-69.95
-63.39
-60.67
-57.43
-58.60
-59.34
-60.60
-60.21
-57.70
-52.79
-62.34
-61.49
-58.73
-61.75
-64.35
-66.01
-58.69
-60.04
-54.60
-58.26
-55.75
-63.93
-62.87
-60.99
-57.49
-61.07
-58.94
-60.22
-59.04
-65.51
-67.31
-63.13
-60.40
-63.43
-60.39
-60.38
-68.86
-70.35
-62.09
-61.95
-59.22
-61.31
-61.98
-59.99
-62.29
-65.48
-54.17
-60.46
-60.74
-61.09
-59.69
-58.29
-61.65
-57.37
-59.79
-63.05
-65.48
-62.28
-51.99
-61.24
-66.46
-59.72
-59.20
-61.91
-60.82
-62.04
-63.03
-60.75
-62.20
-66.09
-60.93
-60.30
-59.08
-61.58
-64.76
-56.62
-56.36
-61.42
-61.19
-58.89
-63.78
-57.06
-60.35
-63.57
-64.46
-59.58
-56.38
-62.81
-59.89
-61.18
-63.32
-61.67
-63.42
-57.80
-60.45
-60.76
-62.75
-64.18
-58.94
-65.67
-62.53
-54.28
-60.91
-63.45
-57.88
-57.88
-59.25
-61.58
-61.43
-57.49
-62.94
-58.33
-63.24
-62.44
-62.90
-54.89
-64.60
-58.38
-60.54
-59.27
-59.27
-58.58
-62.00
-62.18
-61.49
-63.46
-59.87
-61.67
-57.38
-57.66
-64.43
-61.87
-61.90
-62.40
-62.37
-64.53
-65.07
-61.44
-65.80
-62.21
-59.81
-55.09
-55.41
-64.12
-58.80
-61.32
-61.73
-66.28
-63.24
-54.73
-56.51
-57.03
-60.18
-65.81
-60.50
-62.25
-66.83
-64.78
-64.48
-58.34
-53.41
-59.67
-61.77
-58.80
-65.00
-57.88
-59.93
-61.67
-58.72
-60.84
-62.80
-60.97
-59.86
-60.27
-63.04
-57.63
-66.12
-56.88
-58.17
-66.42
-60.28
-63.75
-61.77
-61.99
-54.73
-61.13
-59.62
-59.38
-65.63
-62.63
-57.73
-65.23
-68.59
-60.59
-59.93
-60.99
-64.82
-57.70
-58.19
-63.58
-67.75
-61.40
-64.91
-65.91
-58.94
-63.47
-61.00
-60.09
-57.90
-59.48
-64.29
-65.12
-60.58
-55.02
-60.23
-61.45
-58.64
-58.89
-58.94
-62.17
-65.91
-59.95
-60.12
-62.69
-60.36
-65.15
-62.71
-63.90
-58.89
-61.01
-59.64
-65.91
-63.90
-59.13
-65.31
-57.48
-64.84
-61.02
-64.58
-60.26
-56.87
-56.35
-61.26
-63.17
-63.11
-57.72
-63.37
-55.67
-60.58
-57.69
-65.69
-57.78
-62.50
-58.38
-55.33
-63.25
-61.33
-58.21
-55.19
-60.67
-60.50
-61.88
-56.84
-64.18
-54.80
-63.25
-64.91
-63.33
-64.47
-61.92
-57.36
-61.60
-58.10
-60.28
-63.37
-64.87
-58.42
-58.84
-55.34
-62.00
-64.10
-60.78
-57.39
-60.96
-62.71
-59.10
-57.46
