-62.36
-66.81
-66.90
-67.64
-65.36
-65.92
-65.11
-70.40
-66.43
-66.33
-69.55
-64.58
-70.52
-63.38
-70.27
-68.74
-65.12
-65.17
-70.50
-68.14
-71.54
-67.83
-73.18
-66.07
-66.89
-69.36
-67.12
-65.11
-64.11
-69.64
-64.79
-61.66
-65.82
-71.72
-69.76
-70.60
-63.24
-71.10
-67.09
-68.04
-64.56
-68.04
-66.55
-66.54
-69.69
-69.66
-63.37
-66.57
-67.33
-66.73
-65.36
-67.36
-64.02
-64.73
-69.83
-66.39
-67.79
-64.17
-68.41
-68.39
-66.25
-66.78
-60.30
-60.30
-68.52
-68.75
-63.17
-63.03
-66.17
-69.79
-69.14
-70.81
-71.34
-64.77
-65.15
-69.42
-67.38
-66.27
-65.72
-64.20
-69.77
-68.47
-66.63
-71.82
-64.25
-63.99
-70.32
-71.59
-59.57
-68.33
-67.96
-65.29
-64.50
-70.27
-66.39
-69.03
-65.65
-67.90
-65.97
-66.47
-74.62
-65.34
-66.64
-70.31
-66.10
-70.88
-65.20
-66.12
-73.25
-67.02
-66.18
-67.15
-68.81
-68.73
-63.10
-68.95
-62.57
-69.16
-67.05
-67.56
-67.25
-67.86
-65.91
-68.29
-68.86
-67.53
-67.00
-63.02
-72.66
-62.47
-65.47
-68.94
-68.41
-66.88
-69.69
-70.48
-65.72
-67.71
-69.32
-69.91
-68.24
-63.72
-63.11
-69.77
-66.19
-67.99
-74.14
-65.91
-60.99
-69.37
-65.76
-74.47
-69.92
-68.82
-64.14
-67.35
-72.82
-69.21
-67.67
-74.43
-67.60
-70.71
-68.54
-62.46
-60.01
-70.40
-63.92
-70.74
-72.29
-64.20
-66.12
-69.45
-66.98
-69.22
-69.41
-64.61
-68.91
-67.23
-68.53
-69.95
-71.03
-66.96
-66.46
-70.70
-66.92
-69.06
-67.53
-69.97
-63.38
-62.60
-68.85
-65.67
-63.30
-69.49
-70.49
-69.38
-64.65
-67.69
-65.02
-64.38
-66.69
-67.45
-64.81
-68.54
-66.57
-67.69
-64.31
-65.10
-67.30
-68.08
-66.41
-62.09
-68.84
-66.76
-73.62
-64.79
-66.08
-66.58
-68.43
-67.62
-68.06
-70.80
-63.69
-59.36
-66.94
-65.96
-63.46
-70.13
-65.95
-66.19
-65.12
-64.43
-67.41
-60.42
-64.23
-64.20
-67.71
-65.95
-68.81
-69.35
-61.93
-68.61
-71.06
-63.67
-72.03
-69.55
-67.88
-65.32
-64.17
-66.85
-65.86
-68.62
-71.06
-68.46
-70.37
-63.43
-63.22
-68.05
-66.74
-62.15
-68.58
-70.84
-67.64
-66.14
-68.64
-64.53
-65.81
-70.69
-68.31
-68.22
-65.07
-69.20
-63.81
-63.71
-65.51
-64.97
-70.81
-68.28
-69.23
-68.48
-65.84
-69.45
-65.30
-64.58
-66.71
-64.21
-69.03
-67.84
-65.31
-66.00
-67.96
-67.22
-65.33
-65.92
-64.70
-63.39
-67.55
-68.29
-64.75
-66.81
-75.19
-64.50
-66.78
-71.06
-67.58
-68.49
-60.62
-61.52
-68.91
-64.90
-64.70
-65.26
-67.39
-66.45
-67.73
-64.52
-67.33
-63.79
-70.03
-71.61
-67.79
-67.69
-68.20
-64.09
-68.11
-68.79
-61.56
-60.02
-68.23
-70.97
-68.80
-70.38
-65.56
-61.05
-66.01
-66.03
-64.36
-63.90
-70.59
-68.14
-67.32
-67.20
-60.04
-63.65
-66.97
-64.81
-67.53
-69.67
-65.48
-69.74
-73.40
-62.32
-65.80
-69.51
-64.66
-66.01
-70.49
-73.61
-67.88
-67.70
-64.23
-63.95
-67.70
-62.14
-66.27
-66.54
-68.19
-67.21
-68.96
-70.78
-69.18
-65.49
-72.42
-65.25
-63.75
-66.35
-69.67
-63.44
-66.64
-63.30
-64.95
-63.91
-67.50
-62.28
-62.63
-70.02
-69.68
-67.08
-63.90
-64.65
-72.93
-66.56
-65.45
-67.02
-69.05
-67.63
-65.97
-65.04
-67.10
-68.93
-65.67
-68.37
-69.29
-63.95
-72.99
-64.72
-64.93
-66.84
-63.71
-68.63
-70.47
-68.88
-68.76
-64.49
-66.14
-63.94
-69.29
-67.45
-71.96
-69.40
-63.93
-65.68
-65.77
-69.55
-62.45
-68.10
-66.14
-68.97
-65.52
-66.49
-67.63
-71.38
-70.70
-60.59
-66.79
-69.45
-68.25
-62.01
-64.61
-65.37
-69.27
-64.79
-66.58
-72.87
-69.74
-69.56
-65.62
-71.91
-64.60
-68.49
-64.40
-64.03
-70.66
-65.02
-65.63
-68.30
-65.78
-67.35
-67.52
-62.32
-66.93
-65.85
-69.18
-69.55
-73.27
-65.27
-62.78
-70.59
-70.58
-65.97
-64.59
-67.30
-63.22
-66.87
-62.41
-64.95
-68.44
-68.34
-62.57
-64.07
-65.26
-66.39
-68.64
-63.49
-64.53
-67.06
-63.06
-65.92
-66.91
-67.11
-67.70
-68.26
-65.37
-67.76
-67.34
-70.46
-65.08
-64.06
-66.95
-68.96
