-64.05
-63.69
-73.42
-70.30
-71.20
-68.22
-70.19
-62.29
-68.45
-66.78
-72.26
-67.17
-70.66
-66.79
-65.04
-71.25
-68.10
-69.05
-73.00
-66.64
-67.56
-62.91
-70.46
-62.71
-67.47
-72.23
-62.64
-68.47
-66.88
-65.94
-67.86
-66.44
-69.40
-68.62
-63.47
-71.42
-64.60
-65.16
-62.79
-63.01
-70.52
-65.16
-73.18
-74.72
-70.83
-67.27
-69.57
-68.48
-73.52
-68.80
-69.45
-68.94
-64.45
-68.01
-64.31
-70.79
-68.64
-62.75
-69.03
-67.12
-70.10
-67.38
-68.65
-68.41
-67.66
-67.40
-66.10
-70.79
-66.61
-67.82
-65.13
-68.21
-70.12
-67.08
-72.63
-67.93
-71.30
-70.96
-66.60
-71.11
-72.85
-69.04
-67.28
-66.27
-65.02
-67.02
-69.57
-65.47
-64.73
-73.18
-68.15
-66.14
-70.10
-72.01
-70.66
-68.24
-70.89
-72.20
-69.16
-70.08
-66.29
-69.52
-68.23
-66.47
-72.86
-73.24
-67.52
-65.56
-69.72
-66.27
-64.41
-69.54
-65.22
-69.21
-68.30
-67.16
-68.90
-66.88
-64.25
-66.26
-67.03
-73.92
-68.06
-70.97
-69.11
-65.73
-66.92
-64.74
-67.77
-71.04
-69.03
-70.00
-72.62
-65.03
-72.12
-68.61
-63.65
-69.33
-70.54
-70.45
-68.46
-72.64
-66.13
-66.44
-68.01
-66.09
-71.34
-66.18
-66.47
-68.29
-69.23
-65.84
-66.79
-72.59
-67.74
-73.30
-67.28
-70.99
-70.44
-66.90
-65.15
-74.15
-67.73
-62.37
-69.44
-67.76
-72.54
-67.89
-62.87
-68.12
-66.70
-67.17
-68.28
-68.37
-69.00
-69.48
-65.05
-67.03
-64.95
-69.45
-69.99
-68.47
-69.58
-69.70
-65.59
-69.74
-65.17
-72.34
-67.21
-72.41
-67.45
-75.08
-63.14
-70.27
-73.83
-69.45
-66.96
-71.81
-72.41
-60.32
-75.47
-73.66
-69.16
-66.92
-67.65
-67.62
-71.97
-68.69
-68.48
-62.77
-67.46
-69.29
-74.57
-68.83
-70.34
-64.20
-67.29
-69.61
-67.33
-69.39
-70.02
-70.16
-72.16
-68.97
-67.68
-71.11
-71.54
-66.68
-65.03
-69.11
-58.79
-66.19
-67.25
-70.20
-70.61
-71.69
-69.45
-67.79
-72.26
-71.48
-70.72
-69.58
-62.49
-64.29
-73.07
-71.56
-70.53
-71.34
-65.21
-70.91
-71.92
-68.23
-71.00
-69.23
-70.58
-66.56
-67.32
-69.66
-68.10
-70.27
-64.87
-73.37
-71.19
-70.29
-71.92
-66.44
-69.03
-68.36
-70.08
-63.24
-67.52
-65.02
-65.51
-70.51
-67.63
-65.70
-63.55
-74.38
-67.54
-69.44
-64.80
-71.55
-67.03
-71.63
-66.32
-66.09
-68.99
-74.19
-69.30
-76.03
-64.91
-75.47
-70.57
-68.55
-73.02
-67.92
-67.45
-68.24
-69.94
-67.03
-66.64
-69.25
-67.99
-67.51
-68.57
-68.97
-64.96
-69.26
-67.08
-73.47
-73.86
-64.96
-65.20
-70.66
-68.77
-72.41
-63.58
-72.66
-67.40
-72.28
-71.50
-64.97
-64.16
-66.71
-68.02
-67.82
-69.70
-67.40
-68.26
-72.43
-70.02
-65.89
-71.16
-68.40
-68.92
-72.65
-69.46
-72.03
-66.09
-66.70
-66.41
-70.84
-67.26
-66.22
-73.54
-73.21
-62.17
-71.72
-69.34
-71.03
-68.23
-67.26
-69.27
-68.26
-66.44
-70.42
-72.31
-69.46
-67.52
-71.42
-67.36
-66.30
-67.40
-67.02
-64.43
-70.17
-69.57
-69.65
-66.04
-64.74
-67.35
-68.15
-75.76
-68.13
-66.74
-68.75
-71.23
-68.63
-65.98
-73.42
-68.90
-65.21
-70.20
-69.66
-69.81
-68.82
-74.99
-64.86
-72.50
-69.41
-68.98
-72.73
-67.97
-64.01
-66.04
-63.54
-69.93
-65.81
-66.14
-69.06
-70.26
-65.38
-71.54
-68.42
-67.15
-69.39
-68.86
-70.38
-69.78
-65.55
-72.49
-66.81
-66.07
-70.87
-71.15
-65.66
-66.25
-68.63
-70.29
-66.61
-63.81
-68.16
-68.89
-67.96
-66.94
-68.03
-64.85
-72.69
-68.66
-71.38
-70.62
-66.41
-71.39
-62.66
-68.62
-68.41
-65.45
-69.33
-69.85
-67.89
-70.40
-66.20
-70.91
-65.33
-64.67
-70.64
-72.76
-65.94
-68.87
-70.73
-70.02
-71.52
-70.46
-68.28
-67.80
-70.68
-69.10
-67.96
-72.73
-69.93
-69.42
-67.79
-66.53
-68.30
-67.70
-73.17
-67.15
-70.61
-72.18
-70.56
-72.44
-63.98
-67.58
-68.48
-71.48
-67.21
-68.37
-73.38
-60.12
-68.68
-69.66
-64.46
-64.50
-68.92
-65.18
-69.02
-63.89
-73.63
-67.11
-67.75
-65.60
-65.46
-70.92
-67.55
-61.46
-69.04
-72.68
-66.23
-74.82
-63.94
