-52.07
-55.22
-51.04
-56.03
-58.81
-56.47
-53.77
-57.90
-51.00
-52.92
-50.03
-51.44
-54.44
-50.51
-54.83
-47.60
-57.44
-58.47
-51.43
-50.96
-55.92
-56.46
-52.70
-57.96
-53.72
-47.65
-57.82
-51.31
-50.68
-53.04
-58.61
-53.26
-51.90
-51.11
-51.29
-54.39
-57.91
-56.33
-55.87
-51.98
-52.51
-53.32
-53.27
-49.50
-50.60
-53.97
-51.22
-53.59
-53.72
-54.46
-57.89
-53.92
-55.67
-54.65
-55.41
-56.19
-52.04
-53.64
-58.66
-55.64
-53.38
-57.34
-53.34
-56.87
-51.80
-56.45
-53.21
-51.88
-56.43
-50.15
-61.77
-55.76
-54.23
-57.87
-57.28
-54.73
-60.28
-54.63
-55.12
-55.01
-51.74
-52.33
-53.49
-58.17
-54.62
-52.80
-52.02
-54.13
-48.85
-56.19
-58.78
-55.14
-53.38
-60.89
-58.25
-53.91
-58.81
-54.10
-52.34
-54.03
-51.53
-51.85
-53.88
-57.74
-53.72
-50.87
-51.24
-52.11
-55.69
-56.59
-56.61
-51.90
-53.45
-54.53
-54.08
-53.41
-61.19
-55.12
-52.76
-52.14
-55.70
-57.55
-53.47
-50.35
-54.01
-48.69
-56.72
-50.62
-55.59
-57.15
-51.92
-57.95
-52.12
-57.43
-51.97
-51.38
-52.58
-46.17
-55.64
-54.51
-57.71
-57.04
-52.15
-54.23
-57.61
-50.22
-54.03
-56.15
-55.81
-50.14
-52.90
-54.67
-52.31
-54.81
-54.91
-53.77
-53.19
-57.46
-51.65
-56.26
-54.91
-56.32
-48.89
-46.50
-51.11
-54.74
-56.90
-57.59
-55.33
-49.70
-52.73
-55.49
-58.96
-52.78
-54.09
-57.59
-51.55
-51.59
-55.78
-53.67
-50.69
-54.15
-51.65
-51.40
-48.14
-60.70
-55.03
-49.02
-57.32
-49.05
-48.70
-55.99
-56.83
-57.49
-51.66
-57.03
-50.60
-51.68
-51.76
-52.52
-52.69
-55.73
-53.42
-44.87
-52.62
-50.72
-54.57
-53.19
-55.10
-52.71
-54.18
-51.65
-46.41
-55.50
-52.27
-55.19
-53.24
-57.47
-53.91
-56.50
-50.35
-53.90
-56.80
-54.06
-53.24
-53.48
-54.19
-52.17
-57.30
-53.26
-55.53
-56.52
-53.00
-49.01
-54.68
-56.90
-55.75
-52.88
-48.91
-51.84
-60.68
-56.54
-52.08
-54.89
-50.97
-55.66
-46.98
-63.14
-58.88
-50.64
-48.88
-55.74
-55.90
-57.89
-55.77
-52.21
-50.94
-56.03
-55.96
-51.73
-53.55
-50.02
-55.69
-52.95
-59.14
-51.38
-50.16
-58.53
-53.98
-50.44
-57.56
-54.92
-53.85
-52.64
-52.60
-59.14
-55.12
-49.61
-52.27
-58.65
-54.32
-52.92
-52.60
-60.69
-50.93
-52.34
-52.43
-54.75
-53.35
-58.86
-48.90
-49.63
-55.21
-55.98
-53.04
-53.16
-54.25
-54.53
-47.77
-54.79
-51.18
-49.55
-51.29
-57.91
-59.63
-52.27
-52.92
-50.75
-53.19
-49.96
-61.52
-50.96
-58.18
-51.78
-52.45
-57.11
-57.20
-55.24
-57.50
-62.55
-47.27
-57.52
-57.41
-51.05
-55.86
-48.53
-56.13
-57.77
-49.97
-53.01
-53.26
-54.76
-56.26
-53.69
-55.01
-56.98
-57.00
-52.97
-53.13
-60.20
-54.93
-55.04
-52.27
-56.06
-55.36
-52.13
-50.74
-52.29
-52.73
-52.36
-57.52
-53.59
-60.27
-46.08
-58.73
-60.24
-58.36
-52.10
-51.67
-56.05
-57.98
-60.72
-52.87
-53.32
-50.23
-51.37
-49.92
-53.08
-56.59
-53.04
-62.30
-57.38
-51.61
-60.68
-50.70
-54.13
-52.89
-53.49
-50.45
-57.61
-52.69
-48.07
-57.30
-50.74
-53.25
-51.78
-54.95
-51.02
-51.80
-50.80
-52.07
-50.48
-57.90
-53.90
-50.80
-48.70
-51.90
-57.24
-55.87
-60.34
-57.15
-55.25
-52.94
-58.77
-55.36
-53.38
-58.12
-55.61
-53.59
-53.59
-60.50
-57.64
-56.33
-52.72
-61.54
-56.68
-59.71
-57.85
-52.71
-55.79
-53.00
-52.50
-52.31
-58.04
-59.23
-54.71
-51.19
-53.99
-52.00
-59.47
-55.19
-54.70
-53.19
-54.12
-49.37
-54.78
-53.68
-56.21
-56.39
-60.70
-55.05
-53.14
-52.80
-54.42
-49.69
-53.13
-53.35
-50.19
-54.33
-59.11
-47.25
-58.72
-54.49
-46.19
-51.67
-53.85
-52.94
-55.62
-56.20
-55.34
-56.54
-59.52
-53.83
-55.84
-60.00
-54.72
-55.33
-55.35
-62.85
-56.09
-54.01
-52.67
-52.00
-50.37
-50.92
-57.37
-56.05
-50.04
-55.04
-56.76
-55.45
-53.82
-54.31
-57.23
-53.48
-57.83
-51.70
-54.20
-55.57
-52.47
-55.38
-57.14
-55.89
-53.82
-53.98
-51.74
-53.31
-54.15
-51.68
-52.72
